1000
678934
362920
378723
70619
562781
393296
600764
145491
493108
256302
685261
114635
402084
64181
472383
128651
629907
489246
87677
576981
650022
524367
357175
281940
365201
125233
546658
253573
671260
262078
640904
365063
210706
316688
226839
16698
405454
299086
243483
251823
323057
305674
3739
311825
186347
645518
265469
150331
163489
330099
61546
122353
318387
39432
284982
60380
697232
310692
4601
22867
361412
466834
542553
85805
567543
126497
77315
439261
615808
649538
277638
209479
470310
147072
951
614456
238629
423536
596814
297647
145091
454191
316981
397886
584204
115830
26316
516762
353495
68922
384237
13682
571072
328640
473176
312482
568494
294981
461818
524498
592169
485300
413585
161155
410589
115500
582860
144626
378051
231136
599282
3546
585957
539436
354426
484459
82831
72900
76397
512725
590202
50095
368948
351496
30809
656989
408726
474787
47853
464286
496033
622411
72520
417473
666309
34083
425839
404435
605067
273424
422352
621024
684209
277910
386539
371373
357669
570580
118456
653615
382288
159517
199946
290681
425837
432006
318894
487443
165756
530835
531118
331687
56783
583603
109626
550740
591494
669222
293429
198915
202644
223346
297038
135847
437601
12022
346957
149274
19322
64849
448034
547395
354014
684386
578623
2660
644807
526290
95343
320808
452882
556898
633609
393198
109077
144595
86608
243818
586072
40836
299842
89260
596921
122106
105543
377924
544262
146769
348837
341409
489689
560035
401105
198458
141296
234233
504571
221102
451115
153913
22189
433749
639781
222394
108259
272278
542181
222568
109795
308331
648933
634447
376246
501378
467687
89715
66212
652571
193983
266356
207053
307824
311879
376100
240017
111994
161372
334993
94549
561991
17403
132793
269879
77127
603503
324340
313101
399314
548949
274506
191278
311593
699365
179915
690455
557241
458505
69666
361666
249058
437450
297452
66574
112342
154798
597745
341289
362867
669685
52957
175542
489390
7004
444628
599176
296378
656954
289119
395408
505637
518344
451201
421889
596930
341506
600983
105989
639972
469839
162357
632589
390143
288998
659223
133051
130721
197739
685309
469807
475197
655446
322820
373770
144114
471740
244502
534181
630942
424134
648690
536940
540573
569524
325069
352118
257688
418143
462876
588432
686386
224568
360081
676718
687813
543199
218736
675747
535993
354253
574812
419297
660950
675875
24013
351004
524170
659929
483661
658286
27853
560786
319097
74887
534773
484326
83000
21708
474739
211486
658205
462993
548845
617359
108540
637128
493109
119600
600990
430604
99907
350304
633935
690650
496671
236596
607632
431973
118491
269505
541039
536693
225100
165919
552096
104298
79377
499047
48801
200760
575261
83141
359233
551034
151609
560698
122992
137579
83964
89322
427906
568962
236345
678960
561047
121383
108027
655895
607200
678696
624429
53601
239437
285684
380940
180440
373191
77870
503741
82920
70862
190396
451459
669572
163204
46194
683661
626653
316199
657001
103147
316954
86499
439157
363277
605999
247425
476095
586670
596729
265566
655782
252721
379237
270556
674627
525348
403032
105996
699163
231398
360191
14516
354688
402286
247134
499621
525576
209625
585084
260457
692879
9149
668849
111617
216809
62790
593949
104465
163605
654136
477163
57825
224848
86842
552797
324266
418322
286702
42220
252696
244632
421890
24727
511466
135396
51238
679338
698130
115209
272316
183528
438521
79000
651152
480614
514300
156111
6202
524238
16852
296213
11863
452229
315947
516165
553565
131561
196932
215445
632652
676062
374128
355524
373763
683725
439160
292376
672077
222558
508503
16375
388488
269952
3652
211878
162373
593951
217609
293528
81266
67948
411116
196593
324514
383570
426927
506784
646479
366426
79211
204230
691614
44764
177475
450794
286686
586492
148255
331635
588062
217456
279823
658014
198877
682422
350289
390131
692700
151479
110874
430352
273251
393955
615552
98497
211623
686384
313095
659187
4835
59608
504733
135762
263525
430422
284213
308699
620929
619969
158955
614886
83723
551617
492812
543852
623590
143901
209738
131341
350389
449537
464433
85006
630833
420866
492358
10512
56810
237339
79708
175453
633477
188171
211015
396692
458173
83276
339022
193405
509754
195614
210146
683414
392794
233409
379114
401700
251386
563108
57456
258538
277836
698866
563019
320977
84198
315651
498389
136118
572548
465998
475992
663356
150173
321537
662254
206279
70209
576722
514251
109831
524012
278344
180912
188270
564485
359250
358522
471286
575962
63844
53060
23483
635605
625157
605230
62509
362232
596306
132338
293744
438944
629775
513999
542310
300779
251790
28740
484001
97250
627891
223336
353653
251155
348899
134165
475703
493655
310707
583571
325589
360747
42659
53879
41765
302464
476576
347415
448779
586145
415281
170555
366418
463415
126094
646580
36768
294243
301786
655853
335270
432682
441947
157713
277119
38336
382863
200787
85327
116680
85442
167101
578795
309304
626811
64538
16438
642321
606045
1389
85718
685983
113695
59003
231871
319121
96498
611841
156626
111086
194051
382168
285116
338488
501241
651694
659019
295478
191918
421695
631676
172991
357094
12032
501747
692142
60286
528294
46430
548674
647181
103941
550776
200308
406367
162194
49760
400322
69145
275368
155901
313732
157154
259425
11781
337728
344042
569905
309867
327564
104676
224776
388357
455693
666065
136531
429227
483579
359519
153299
89662
479741
403808
600633
618475
213855
525371
273318
255191
326504
467395
267649
433329
539985
63924
369736
474515
225252
137082
452454
414472
25700
308931
296654
316263
161867
458471
378218
203948
648909
379989
213596
141734
293951
609288
210932
179827
529217
156654
574384
164056
624105
390995
525108
139366
539115
218780
186814
262975
599032
232941
298144
257156
520240
510447
233834
484043
676924
98982
696960
289183
632171
68548
435479
371940
301489
252867
138874
53520
172211
65926
221868
564734
526895
119579
60623
62604
110452
58415
670892
641437
289468
675716
624550
227397
32173
680547
517211
529593
255715
205771
531883
440916
515738
105120
289049
448993
645674
76064
281920
334455
142604
288269
192517
238048
339658
159771
83659
111304
696698
297908
154538
105141
546140
85379
392384
201812
468863
20410
111579
585045
516809
395414
156616
431608
687990
376436
498573
102768
260075
358851
609425
195015
520120
384558
129186
483400
264491
347246
367713
678084
337711
243788
279431
657492
207342
292536
560523
393996
492564
693680
634468
672238
237720
380467
7526
191401
321235
649803
589116
215273
582749
394507
98018
365952
691386
620539
347063
384073
104899
247371
602611
172905
437295
175674
390043
642410
252590
318527
149854
364052
607196
520525
121830
403799
303576
186014
73591
564944
360120
324657
150174
77246
563472
86651
269885
282583
281547
567858
415218
342036
265025
649420
464671
689075
183284
167719
549328
108760
111422
173930
355168
84407
441870
279208
475536
482110
113326
26187
123549
